
lk1 <- structure(list(rn_1 = c(71738, 61433, 97268, 103121, 35598, 35933, 
                               5037, 6345, 10895, 22218, 15745, 29888, 30707, 70143, 79375, 
                               2201, 6402, 12461, 38473, 28802, 62746, 251315, 92857, 78289, 
                               79294, 6791, 6105, 8809, 45610, 52801, 336, 3914, 23666, 27925, 
                               28306, 31548, 12972, 21856, 68152, 71405, 80579, 3961, 5127, 
                               14074, 38847, 26405, 30714, 163071, 173888, 13414, 21030, 241560, 
                               244497, 231235, 43675, 66054, 35639, 54900, 57107, 3282, 2632, 
                               70771, 87269, 34867, 54152, 2678, 5505, 5359, 11825, 68328, 36873, 
                               40999, 17363, 18983, 209491, 9504, 12774, 43099, 51830, 60019, 
                               69890, 208911, 212833, 27819, 28664, 1281, 10331, 50065, 55877, 
                               24667, 27109, 58442, 62112, 194, 35516, 37922, 2603, 42920, 36594, 
                               26804, 31405, 25083, 27357, 73881, 76076, 8239, 5531, 37235, 
                               24760, 33553), hash_key = c("0b66d8d5e71fd6e0591f80b2499c5f901c9258f4bb7eed74c7ebe368960c2e0d", 
                                                           "0b66d8d5e71fd6e0591f80b2499c5f901c9258f4bb7eed74c7ebe368960c2e0d", 
                                                           "0c7d58e39a8e1451e8b87a17fbf8e03273695339acf71924caf6abcfaec2d887", 
                                                           "0c7d58e39a8e1451e8b87a17fbf8e03273695339acf71924caf6abcfaec2d887", 
                                                           "0d3452833c9825ed178e4aea8da2bd30f86b1e5e1839fdc57e7e446105bcedde", 
                                                           "0d3452833c9825ed178e4aea8da2bd30f86b1e5e1839fdc57e7e446105bcedde", 
                                                           "0e2c04ccfac01ca99274c5419009cb4f6daaf9ae13d64db8b4d6035705bcb147", 
                                                           "0e2c04ccfac01ca99274c5419009cb4f6daaf9ae13d64db8b4d6035705bcb147", 
                                                           "0e2c04ccfac01ca99274c5419009cb4f6daaf9ae13d64db8b4d6035705bcb147", 
                                                           "0e4c34cca09f99a89c39e0c89ef7911ad60fb093008a1919cd3b307c383fbf90", 
                                                           "0e4c34cca09f99a89c39e0c89ef7911ad60fb093008a1919cd3b307c383fbf90", 
                                                           "11be4e80dc6f93859067ff964e8f455079d5592852dc2d870615e6beb690851f", 
                                                           "11be4e80dc6f93859067ff964e8f455079d5592852dc2d870615e6beb690851f", 
                                                           "1c32f279f2bbc3a0511b95eaa2867c625a252727caf683ebcc567e82ee53de8c", 
                                                           "1c32f279f2bbc3a0511b95eaa2867c625a252727caf683ebcc567e82ee53de8c", 
                                                           "1d7d836844ff7ba8568a06aab771cd5197cae18c48eaafc4c7c85d4bdbc868da", 
                                                           "1d7d836844ff7ba8568a06aab771cd5197cae18c48eaafc4c7c85d4bdbc868da", 
                                                           "1fa88603c2ffde04986676f95c0004efee19646c03e9ac0e826534f548c914e7", 
                                                           "1fa88603c2ffde04986676f95c0004efee19646c03e9ac0e826534f548c914e7", 
                                                           "1fa88603c2ffde04986676f95c0004efee19646c03e9ac0e826534f548c914e7", 
                                                           "21805e00aa138788bdfe399f87b947394fcb7aa750d2be358cc49aa41dbcbcd2", 
                                                           "24308c44a5de0c8db4c25d28fcce5ed7c07ea8fe0b4796a43a37c7361603b332", 
                                                           "25162a611fd91cb523d539f1cdecddd163fa6f714e0ef3d01c43e1936ecfeb40", 
                                                           "278b7f288347f7f61103696a98145b1d13d17e0bfc376b12f0be4881f061d04f", 
                                                           "278b7f288347f7f61103696a98145b1d13d17e0bfc376b12f0be4881f061d04f", 
                                                           "351b7709a00c73e46bbe11a176e184bdfe1430aa39db6389b10c8dd89faab4d7", 
                                                           "351b7709a00c73e46bbe11a176e184bdfe1430aa39db6389b10c8dd89faab4d7", 
                                                           "361e60b61c160d86d27e26cb112837a7eaa6bce73f89cd793672b356caa4dfff", 
                                                           "3d5c50da77e654a2402343d06ef8cf44cd781df7c53adec3ce17847c58112f05", 
                                                           "3d5c50da77e654a2402343d06ef8cf44cd781df7c53adec3ce17847c58112f05", 
                                                           "3f8026cab3ff7a745e6c5991ccace1b9dd3272ed1eeb7ba3bc17ce30b59eb693", 
                                                           "3f8026cab3ff7a745e6c5991ccace1b9dd3272ed1eeb7ba3bc17ce30b59eb693", 
                                                           "47100146f72553591e166eb7a9dd40995b392886cde9bbd92ed88763b0457e00", 
                                                           "47100146f72553591e166eb7a9dd40995b392886cde9bbd92ed88763b0457e00", 
                                                           "47100146f72553591e166eb7a9dd40995b392886cde9bbd92ed88763b0457e00", 
                                                           "47100146f72553591e166eb7a9dd40995b392886cde9bbd92ed88763b0457e00", 
                                                           "4814411c6ad8cbd4cb5be7a592e90a54120d5150b56e5066cacbeb89a6dda44c", 
                                                           "4814411c6ad8cbd4cb5be7a592e90a54120d5150b56e5066cacbeb89a6dda44c", 
                                                           "4acd6b866b0edea5a4a20694ba2f489d5c8b68245c19ea26b73052017b712e40", 
                                                           "4acd6b866b0edea5a4a20694ba2f489d5c8b68245c19ea26b73052017b712e40", 
                                                           "4acd6b866b0edea5a4a20694ba2f489d5c8b68245c19ea26b73052017b712e40", 
                                                           "4bad2f372b9e343c13b3a9a113f417b9c0dcc9aeb9fbec2dcd02beaff76a5836", 
                                                           "4bad2f372b9e343c13b3a9a113f417b9c0dcc9aeb9fbec2dcd02beaff76a5836", 
                                                           "50e403958c647b1088a9c002e64696fd20a4d2221357c4b1ec80df535cbf91b5", 
                                                           "562fb986298b70de2d6c90faecba0f3e3c3a9b3474f533087c110d20a00349e8", 
                                                           "562fb986298b70de2d6c90faecba0f3e3c3a9b3474f533087c110d20a00349e8", 
                                                           "562fb986298b70de2d6c90faecba0f3e3c3a9b3474f533087c110d20a00349e8", 
                                                           "5747fe45dcb774dcb82e935fefe75d0b9acc37819eed6cc9a4b346c3c6eb681c", 
                                                           "5747fe45dcb774dcb82e935fefe75d0b9acc37819eed6cc9a4b346c3c6eb681c", 
                                                           "582f4ccd60ad021d893187a83055090cb2730a5e40fb04aa3bef0cc7bdb1f467", 
                                                           "582f4ccd60ad021d893187a83055090cb2730a5e40fb04aa3bef0cc7bdb1f467", 
                                                           "5d4f033b1fe482487862c6818d3db670d11f5fb29f99c4d290c06941cde0a052", 
                                                           "5d4f033b1fe482487862c6818d3db670d11f5fb29f99c4d290c06941cde0a052", 
